4 10
0.5
0.5
0.5
0.5
0.5219265
0.5351115
0.502758
0.5164295
2.612472714117361 -0.167860947192213
-1.060606365050132 2.7216177628556046
-2.461485143218728 0.09716122332226693
-0.7016988502278587 -2.4037096374058784
