4 10
0.5
0.5
0.5
0.5
0.9697365
1.0
0.91823
0.9270455
2.214577512140956 -1.77654830959464
-0.699735687457833 2.6345051312916272
-0.4571421350965537 -0.38861429247952833
-0.6620074380763667 -2.4146750159747308
